8	0,0007952
9	0,0006016
10	0,0009082
20	0,0009986
30	0,0007008000000000001
40	0,0008929999999999999
50	0,0008678
60	0,0007908
70	0,0009276
80	0,0010038
90	0,0009976
100	0,0007903999999999999
200	0,0006892000000000001
300	0,0009912
400	0,0006912
500	0,0009856
600	0,0009977999999999999
700	0,0009868
800	0,0009764
900	0,0008926
1000	0,0008322
2000	0,0011848000000000002
3000	0,0010949999999999998
4000	0,0009846
5000	0,0014957999999999998
6000	0,0011934
7000	0,0013
8000	0,0012917999999999998
9000	0,0011908
10000	0,0015530000000000001
20000	0,0019960000000000004
30000	0,0023936
40000	0,0029072
50000	0,0033083999999999995
60000	0,0032076
70000	0,0041107999999999995
80000	0,0048126
90000	0,0068173999999999995
100000	0,007319400000000001
200000	0,010628199800000002
300000	0,019852600399999996
400000	0,0251672004
500000	0,0289777998
600000	0,035494399600000004
700000	0,0435129994
800000	0,050533999600000004
900000	0,0564495996
1000000	0,0596588

##################################################
8 -> 5
9 -> 5
10 -> 5
20 -> 5
30 -> 5
40 -> 5
50 -> 5
60 -> 5
70 -> 5
80 -> 5
90 -> 5
100 -> 5
200 -> 5
300 -> 5
400 -> 5
500 -> 5
600 -> 5
700 -> 5
800 -> 5
900 -> 5
1000 -> 5
2000 -> 5
3000 -> 5
4000 -> 5
5000 -> 5
6000 -> 5
7000 -> 5
8000 -> 5
9000 -> 5
10000 -> 5
20000 -> 5
30000 -> 5
40000 -> 5
50000 -> 5
60000 -> 5
70000 -> 5
80000 -> 5
90000 -> 5
100000 -> 5
200000 -> 5
300000 -> 5
400000 -> 5
500000 -> 5
600000 -> 5
700000 -> 5
800000 -> 5
900000 -> 5
1000000 -> 5
