8	0,0007964000000000001
9	0,0003946
10	0,0008975999999999999
20	0,0007026000000000001
30	0,0008972000000000001
40	0,0010014
50	0,0008956000000000001
60	0,0008875999999999999
70	0,0012062000000000002
80	0,0008958000000000001
90	0,0012892000000000001
100	0,0006962
200	0,0006975999999999999
300	0,0006962000000000001
400	0,0004966
500	0,0008994000000000001
600	0,0008905999999999999
700	0,0009974
800	0,0009976
900	0,0009989999999999999
1000	0,001095
2000	0,0013014
3000	0,0015042
4000	0,0014944000000000001
5000	0,001897
6000	0,0018943999999999999
7000	0,001886
8000	0,0021898
9000	0,0021906
10000	0,0023878000000000003
20000	0,004211000000000001
30000	0,0054138
40000	0,0067078
50000	0,0085266
60000	0,009825400000000001
70000	0,010522599999999998
80000	0,012934000000000001
90000	0,014538199800000002
100000	0,016616
200000	0,0344928008
300000	0,047726399399999994
400000	0,0622663988
500000	0,08462680139999999
600000	0,10608160080000002
700000	0,12062160079999999
800000	0,1356721966
900000	0,1519050032
1000000	0,165841195

##################################################
8 -> 5
9 -> 5
10 -> 5
20 -> 5
30 -> 5
40 -> 5
50 -> 5
60 -> 5
70 -> 5
80 -> 5
90 -> 5
100 -> 5
200 -> 5
300 -> 5
400 -> 5
500 -> 5
600 -> 5
700 -> 5
800 -> 5
900 -> 5
1000 -> 5
2000 -> 5
3000 -> 5
4000 -> 5
5000 -> 5
6000 -> 5
7000 -> 5
8000 -> 5
9000 -> 5
10000 -> 5
20000 -> 5
30000 -> 5
40000 -> 5
50000 -> 5
60000 -> 5
70000 -> 5
80000 -> 5
90000 -> 5
100000 -> 5
200000 -> 5
300000 -> 5
400000 -> 5
500000 -> 5
600000 -> 5
700000 -> 5
800000 -> 5
900000 -> 5
1000000 -> 5
