8	0,0
9	0,0
10	0,0
20	0,0
30	0,0
40	0,0
50	0,0
60	0,0
70	0,0
80	0,0
90	0,0
100	0,0
200	0,0
300	0,0
400	0,0
500	0,0
600	0,0
700	0,0
800	0,0
900	0,0
1000	0,0
2000	0,00010020000000000001
3000	0,00020080000000000003
4000	0,0
5000	0,0
6000	0,0002006
7000	0,000401
8000	0,0003006
9000	0,0004012
10000	0,00020040000000000002
20000	0,0008052000000000002
30000	0,0008022
40000	0,0011982
50000	0,001504
60000	0,0018043999999999998
70000	0,0020048
80000	0,0023076
90000	0,0026068000000000003
100000	0,0027074
200000	0,0059164
300000	0,009022200000000001
400000	0,0125332
500000	0,0167436004
600000	0,0205537996
700000	0,022559999999999997
800000	0,0264766002
900000	0,0297795998
1000000	0,03298860020000001

##################################################
8 -> 5
9 -> 5
10 -> 5
20 -> 5
30 -> 5
40 -> 5
50 -> 5
60 -> 5
70 -> 5
80 -> 5
90 -> 5
100 -> 5
200 -> 5
300 -> 5
400 -> 5
500 -> 5
600 -> 5
700 -> 5
800 -> 5
900 -> 5
1000 -> 5
2000 -> 5
3000 -> 5
4000 -> 5
5000 -> 5
6000 -> 5
7000 -> 5
8000 -> 5
9000 -> 5
10000 -> 5
20000 -> 5
30000 -> 5
40000 -> 5
50000 -> 5
60000 -> 5
70000 -> 5
80000 -> 5
90000 -> 5
100000 -> 5
200000 -> 5
300000 -> 5
400000 -> 5
500000 -> 5
600000 -> 5
700000 -> 5
800000 -> 5
900000 -> 5
1000000 -> 5
