8	0,0008962000000000001
9	0,0008985999999999999
10	0,0007892
20	0,0008921999999999999
30	0,0005024000000000001
40	0,0007978000000000001
50	0,0010069999999999999
60	0,0007953999999999999
70	0,0007982
80	0,0007863999999999999
90	0,0007906
100	0,0006921999999999999
200	0,000804
300	0,0009013999999999999
400	0,0007013999999999999
500	0,0007844
600	0,0007916000000000002
700	0,0008788000000000001
800	0,0009972
900	0,0008014000000000001
1000	0,0008955999999999999
2000	0,0010936
3000	0,0008866000000000001
4000	0,0010862000000000003
5000	0,0008946
6000	0,0011938
7000	0,0009042
8000	0,0007934
9000	0,0009948000000000001
10000	0,0011032
20000	0,0011866
30000	0,0011024000000000001
40000	0,001503
50000	0,0013032
60000	0,0015036
70000	0,0016034
80000	0,0019042000000000004
90000	0,0019048000000000003
100000	0,0026070000000000004
200000	0,004009
300000	0,0063176
400000	0,0074194
500000	0,0104274
600000	0,0122332
700000	0,014940799800000001
800000	0,0162408
900000	0,017749400000000002
1000000	0,0197502004

##################################################
8 -> 5
9 -> 5
10 -> 5
20 -> 5
30 -> 5
40 -> 5
50 -> 5
60 -> 5
70 -> 5
80 -> 5
90 -> 5
100 -> 5
200 -> 5
300 -> 5
400 -> 5
500 -> 5
600 -> 5
700 -> 5
800 -> 5
900 -> 5
1000 -> 5
2000 -> 5
3000 -> 5
4000 -> 5
5000 -> 5
6000 -> 5
7000 -> 5
8000 -> 5
9000 -> 5
10000 -> 5
20000 -> 5
30000 -> 5
40000 -> 5
50000 -> 5
60000 -> 5
70000 -> 5
80000 -> 5
90000 -> 5
100000 -> 5
200000 -> 5
300000 -> 5
400000 -> 5
500000 -> 5
600000 -> 5
700000 -> 5
800000 -> 5
900000 -> 5
1000000 -> 5
