8	0,0007062
9	0,0008036
10	0,000601
20	0,0008944000000000001
30	0,0009977999999999999
40	0,0011068000000000002
50	0,0007912
60	0,0007982
70	0,0008038
80	0,0009002
90	0,0009818000000000001
100	0,0006988000000000001
200	0,0009023999999999999
300	0,0007934
400	0,000802
500	0,0011012
600	0,0009964000000000002
700	0,0009029999999999999
800	0,001002
900	0,0012039999999999998
1000	0,0010976
2000	0,0013908
3000	0,0013966
4000	0,0015848000000000001
5000	0,0018046
6000	0,0019046
7000	0,001998
8000	0,0018985999999999999
9000	0,0020989999999999997
10000	0,0026094
20000	0,0036011999999999997
30000	0,004710799999999999
40000	0,005570800000000001
50000	0,0069148000000000005
60000	0,0096248
70000	0,0088234
80000	0,010227199999999999
90000	0,0116308
100000	0,013938399999999998
200000	0,0275741992
300000	0,040106800399999996
400000	0,053842600399999996
500000	0,0730959998
600000	0,08985220059999999
700000	0,1054821998
800000	0,1231281998
900000	0,13135099860000002
1000000	0,14277779740000002

##################################################
8 -> 5
9 -> 5
10 -> 5
20 -> 5
30 -> 5
40 -> 5
50 -> 5
60 -> 5
70 -> 5
80 -> 5
90 -> 5
100 -> 5
200 -> 5
300 -> 5
400 -> 5
500 -> 5
600 -> 5
700 -> 5
800 -> 5
900 -> 5
1000 -> 5
2000 -> 5
3000 -> 5
4000 -> 5
5000 -> 5
6000 -> 5
7000 -> 5
8000 -> 5
9000 -> 5
10000 -> 5
20000 -> 5
30000 -> 5
40000 -> 5
50000 -> 5
60000 -> 5
70000 -> 5
80000 -> 5
90000 -> 5
100000 -> 5
200000 -> 5
300000 -> 5
400000 -> 5
500000 -> 5
600000 -> 5
700000 -> 5
800000 -> 5
900000 -> 5
1000000 -> 5
