8	0,0005017999999999999
9	0,0006018
10	0,0004974000000000001
20	0,0008948000000000001
30	0,0010976
40	0,0007955999999999999
50	0,0010906
60	0,0011120000000000001
70	0,0010934
80	0,0009962
90	0,0010858
100	0,0012994000000000003
200	0,0009974
300	0,0007968
400	0,0007496000000000001
500	0,0010907999999999998
600	0,0009774000000000002
700	0,001088
800	0,0010900000000000003
900	0,0010024
1000	0,0010862
2000	0,0013919999999999998
3000	0,0012924
4000	0,0015886000000000001
5000	0,0013913999999999999
6000	0,001787
7000	0,0018964
8000	0,0019944
9000	0,0021046000000000003
10000	0,0020938
20000	0,0035032
30000	0,0045068
40000	0,0057096
50000	0,007619599999999999
60000	0,0081218
70000	0,010427
80000	0,0111294
90000	0,011430399999999999
100000	0,015842600000000002
200000	0,026771800000000002
300000	0,0423132002
400000	0,056852000199999995
500000	0,06437160080000001
600000	0,08904019879999998
700000	0,1006705998
800000	0,1149090008
900000	0,1306475982
1000000	0,1406773986

##################################################
8 -> 5
9 -> 5
10 -> 5
20 -> 5
30 -> 5
40 -> 5
50 -> 5
60 -> 5
70 -> 5
80 -> 5
90 -> 5
100 -> 5
200 -> 5
300 -> 5
400 -> 5
500 -> 5
600 -> 5
700 -> 5
800 -> 5
900 -> 5
1000 -> 5
2000 -> 5
3000 -> 5
4000 -> 5
5000 -> 5
6000 -> 5
7000 -> 5
8000 -> 5
9000 -> 5
10000 -> 5
20000 -> 5
30000 -> 5
40000 -> 5
50000 -> 5
60000 -> 5
70000 -> 5
80000 -> 5
90000 -> 5
100000 -> 5
200000 -> 5
300000 -> 5
400000 -> 5
500000 -> 5
600000 -> 5
700000 -> 5
800000 -> 5
900000 -> 5
1000000 -> 5
