8	0,0006018
9	0,0009016
10	0,000701
20	0,0010987999999999998
30	0,0012054000000000001
40	0,0010938
50	0,0008975999999999999
60	0,0007894
70	0,000997
80	0,0009939999999999999
90	0,0010945999999999998
100	0,0012071999999999999
200	0,001106
300	0,0008052000000000001
400	0,0010022
500	0,001203
600	0,001526
700	0,001592
800	0,0018972
900	0,0015894
1000	0,0018936
2000	0,0025994
3000	0,0033965999999999996
4000	0,004409000000000001
5000	0,0050062
6000	0,006704
7000	0,006914399999999999
8000	0,0075142
9000	0,0082168
10000	0,0092128
20000	0,017971400199999998
30000	0,025961599800000002
40000	0,0358962
50000	0,0449194006
60000	0,057752600400000006
70000	0,0653696
80000	0,07720479820000001
90000	0,08602860139999999
100000	0,096257597
200000	0,197625795
300000	0,2934926036
400000	0,3943493962
500000	0,4908050061999999
600000	0,5964943886
700000	0,6938579916000001
800000	0,7998454093999999
900000	0,8939779758
1000000	0,9927454116

##################################################
8 -> 5
9 -> 5
10 -> 5
20 -> 5
30 -> 5
40 -> 5
50 -> 5
60 -> 5
70 -> 5
80 -> 5
90 -> 5
100 -> 5
200 -> 5
300 -> 5
400 -> 5
500 -> 5
600 -> 5
700 -> 5
800 -> 5
900 -> 5
1000 -> 5
2000 -> 5
3000 -> 5
4000 -> 5
5000 -> 5
6000 -> 5
7000 -> 5
8000 -> 5
9000 -> 5
10000 -> 5
20000 -> 5
30000 -> 5
40000 -> 5
50000 -> 5
60000 -> 5
70000 -> 5
80000 -> 5
90000 -> 5
100000 -> 5
200000 -> 5
300000 -> 5
400000 -> 5
500000 -> 5
600000 -> 5
700000 -> 5
800000 -> 5
900000 -> 5
1000000 -> 5
