2	0,0013419920997508562
3	0,0027701926050400557
4	0,0037963060208767293
5	0,0049929399546056585
6	0,0060103741824059
7	0,007089073266933898
8	0,008679698576904898
9	0,010303290214543693
10	0,011643604824169863
11	0,01333918266846377
12	0,016797510896392375
13	0,01947923413094342
14	0,021259853431123712
15	0,023688275656846787
16	0,026868578130196573
17	0,030337408904992792
18	0,033461187254575905
19	0,03808522525045657
20	0,041377919562160484
21	0,04588015718811812
22	0,049199983079230056
23	0,05411780064999096
24	0,05821350219094797
25	0,06414073121065192
26	0,06926159802085338
27	0,07499978119694026
28	0,07987522390846447
29	0,08673776307421215
30	0,09435189075017357
31	0,09919881612957808
32	0,10600096565083701
33	0,1131675681352728
34	0,12149280575539567
35	0,13095676743276913
36	0,1376551313693571
37	0,14478592308634844
38	0,153993666380764
39	0,1640223587553315
40	0,1699209975085625
41	0,17924784260183096
42	0,19141081295547502
43	0,2013266758855689
44	0,21122890009160553
45	0,2284829800393262
46	0,23610761026215524
47	0,2444317538669794
48	0,25540399796950763
49	0,2660346175614253
50	0,27993364432541556
51	0,2929543226732483
52	0,3018009679847363
53	0,31564879483274694
54	0,3302105031303425
55	0,3495571426070822
56	0,3582908126053902
57	0,3765300897967757
58	0,42315082240776725
59	0,4413636973632772
60	0,44790043877306907
61	0,47223440225921454
62	0,4725510832210145
63	0,4905745476611411
64	0,5070092101501281
65	0,542059855765023
66	0,5473746550205091
67	0,5563235542952499
68	0,5842194127909351
69	0,6022328122903138
70	0,6148465169470263
71	0,646152275260084
72	0,6852043912315403
73	0,6964303010146626
74	0,7157255217723631
75	0,7444299305081483
76	0,763993914357565
77	0,8069327020135717
78	0,819819108217076
79	0,843604167760682
80	0,868539329120645
81	0,9150825325141347
82	1,0191007777719432
83	1,0289604812500366
84	0,9914384550753557
85	1,0067017189168372
86	1,0267533418520656
87	1,024357740085304
88	1,1287044087357851
89	1,1230065582570439
90	1,1822436940958183
91	1,1955388244149205
92	1,2040469084586347
93	1,2690066195219007
94	1,288099301580633
95	1,370083057641478
96	1,416385140063132
97	1,356914833097026
98	1,3931938390893126
99	1,411048314632965
100	1,4746903936704652
101	1,5160096010782613
102	1,5596822541966424
103	1,5685435593131334
104	1,6285219999183134
105	1,6553644675500476
106	1,625684488905226
107	1,7366444800364085
108	1,738605830663936
109	1,8318798975418207
110	1,8321624452263006
111	1,8375033549802495
112	1,942046289975319
113	1,8823035002654809
114	1,9953012772263938
115	2,013640036875609
116	2,0553697917578346
117	2,110071067233804
118	2,1166477766691756
119	2,1639319930916585
120	2,1651844218056215
121	2,295706865164802
122	2,307774072712633
123	2,3244626196852733
124	2,3843496735458354
125	2,4959926219608257
126	2,446037549522426
127	2,4932418298937495
128	2,585769413666147
129	2,562802896369036
130	2,6692551068634143
131	2,6916992683225685
132	2,7136138534427934
133	2,821700814530857
134	2,840689783939272
135	2,9297567055844373
136	2,887427576187225
137	3,014055835623472
138	3,0686255375261835
139	3,0461901281894193
140	3,071496379538705
141	3,123946317398636
142	3,1987652943338767
143	3,2013925356065513
144	3,300970391569956
145	3,397630289928641
146	3,453976235070338
147	3,5330410124455183
148	3,962775545986568
149	3,6863263403875437
150	3,862733754602158
151	3,698064662625131
152	3,713238460326629
153	4,091357935549371
154	3,991561787066696
155	4,0171124414337145
156	4,026549344466033
157	4,079307721705847
158	4,1434559651548835
159	4,186031831469131
160	4,326038147584122
161	4,380692380402248
162	4,47858931832636
163	4,4035745855870045
164	4,469099319084878
165	4,692932004761155
166	4,760578325660639
167	4,76354303418579
168	4,742450492161016
169	4,891935721495797
170	4,948938440488485
171	4,927800387427284
172	5,042426059152679
173	5,197329143984082
174	5,2157658544697085
175	5,399672670622626
176	5,436469875194733
177	5,415433565556315
178	5,518942072619277
179	5,555201386336186
180	5,663595838657541
181	6,362563890493444
182	5,2084765034687575
183	5,255958299054187
184	5,27230777421858
185	5,358720177142957
186	5,397433221306167
187	5,527730370448168
188	5,620887231820383
189	5,605615580528278
190	5,711100389761183
191	5,874090435680652
192	5,931206567592641
193	5,951869015736316
194	5,992061606189501
195	6,094170794751061
196	6,247772147245707
197	6,369049140249844
198	6,454864940164657
199	6,558879757507862
200	6,487203375985343
201	6,639671036893114
202	6,7773722627737225
203	6,729083886175731
204	6,9670282022557135
205	6,97119217035131
206	7,121711025340312
207	7,090197841726619
208	7,234053924743418
209	7,452739633111028
210	7,473176349431403
211	7,574903289047595
212	7,516002088839878
213	7,664012075011525
214	7,822001522869296
215	8,060168142857975
216	8,058123647067749
217	8,009986682187098
218	8,168367568718748
219	8,500181460670879
220	8,540138181425661
221	8,376855887552733
222	8,340615901439431
223	8,639033882383144
224	8,673465825879443
225	8,781666728660866
226	8,894566244814367
227	9,093445389673665
228	9,111362005286281
229	9,314403659554108
230	9,811734845700084
231	13,302390933968155
232	12,49004803456505
233	11,1834740966351
234	11,136140503655469
235	11,45440122354671
236	11,4052982431573
237	11,594041263339694
238	11,519722324330315
239	11,712032199058273
240	11,882877566559891
241	11,826017725965212
242	12,23178486407954
243	12,023691849440157
244	12,445207921254237
245	12,184162815732815
246	12,48575577494209
247	12,45533106361626
248	12,544226370728234
249	12,857088708595168
250	12,992038121327756
251	13,214532461621943
252	13,151586686854895
253	13,62131302257464
254	13,689425831597495
255	13,715944251897753
256	13,929451037709978
257	14,014651417552091
258	14,0271191076336
259	14,230054788286159
260	14,685149034057426
261	14,757201683908349
262	15,005487580738329
263	14,927797251250094
264	15,319574340527577
265	15,725571440657694
266	15,860180468763676
267	15,87073129817314
268	16,22892219071458
269	16,123415938781825
270	16,504339739886923
271	16,14041781173601
272	16,73076947201363
273	17,03157539661701
274	17,099600757350327
275	17,374961490661484
276	16,97302552118889
277	17,88070740487902
278	17,947827431485468
279	18,304214657471103
280	18,56300397638094
281	19,05792475508644
282	18,62643709849639
283	19,0303589245392
284	19,31769744788111
285	19,39651957266304
286	20,025929913003903
287	19,6643989917555
288	20,002549639120822
289	20,60084341286095
290	20,524993217105152
291	20,41418018869576
292	21,073442341017696
293	21,24063457263386
294	21,64136617713129
295	21,794680314142845
296	21,763127381306635
297	22,454231286503646
298	22,598306610186306
299	23,177322448610454
300	22,869679365996255
301	23,24839077642995
302	22,876820879063175
303	23,848640722458534
304	23,874754211229554
305	24,748081607706535
306	25,34440002742332
307	25,34053822635322
308	25,843350429145733
309	26,021365243571562
310	26,209052466056352
311	25,141318623932968
312	27,737772555678085
313	27,911257417423723
314	27,74995062344285
315	28,46084191041328
316	29,201903294882346
317	26,982175719278587
318	29,67215198644005
319	30,81796555456365
320	29,297764416204263
321	31,018444514461418
322	30,925114506934598
323	31,296057095929097
324	31,985803984549584
325	31,93396560124163
326	33,45639904135086
327	31,612751988190475
328	32,22026225734741
329	32,40383153331349
330	33,42858902658894
331	33,93905488747688
332	34,500385385122556
333	35,06749593026309
334	33,17363335608885
335	34,98757278848454
336	33,75112275143389
337	34,270781841679934
338	35,07649996790888
339	36,41840257720831
340	34,57683284029711
341	36,05207345072847
342	36,02429064048032
343	35,81800340749298
344	36,06252603756411
345	38,101236456090604
346	37,00804881642132
347	39,045316447571864
348	39,428573345703
349	37,609388693424826
350	38,72976297793882
351	39,31551320987006
352	39,22544446194869
353	38,82442753826136
354	41,03665403443669
355	38,902385390957306
356	42,00679791932877
357	41,036637332469795
358	41,232548486758034
360	41,599936984718795
361	40,84759688599485
362	42,34473282687718
363	40,62007984852993
364	33,557513842940246
365	33,689513717493156
366	33,8623663113305
367	33,359268789348086
368	33,71852846190201
369	33,91860270907362
370	34,60201546791763
371	35,208005858087255
372	34,34459986755122
373	40,42045268894373
374	35,16501689159621
375	32,3529231359438
376	32,334392340142486
377	34,93970407615514
