0 0
0.001 0.000166666
0.002 0.000333332
0.003 0.000499995
0.004 0.000666656
0.005 0.000833312
0.006 0.000999964
0.007 0.00116661
0.008 0.00133325
0.009 0.00149988
0.01 0.0016665
0.011 0.00183311
0.012 0.00199971
0.013 0.0021663
0.014 0.00233288
0.015 0.00249944
0.016 0.00266598
0.017 0.00283251
0.018 0.00299903
0.019 0.00316552
0.02 0.003332
0.021 0.00349846
0.022 0.00366489
0.023 0.00383131
0.024 0.0039977
0.025 0.00416406
0.026 0.0043304
0.027 0.00449672
0.028 0.00466301
0.029 0.00482927
0.03 0.0049955
0.031 0.0051617
0.032 0.00532787
0.033 0.00549401
0.034 0.00566012
0.035 0.00582619
0.036 0.00599222
0.037 0.00615822
0.038 0.00632419
0.039 0.00649011
0.04 0.006656
0.041 0.00682185
0.042 0.00698765
0.043 0.00715342
0.044 0.00731914
0.045 0.00748481
0.046 0.00765044
0.047 0.00781603
0.048 0.00798157
0.049 0.00814706
0.05 0.0083125
0.051 0.00847789
0.052 0.00864323
0.053 0.00880852
0.054 0.00897376
0.055 0.00913894
0.056 0.00930406
0.057 0.00946913
0.058 0.00963415
0.059 0.0097991
0.06 0.009964
0.061 0.0101288
0.062 0.0102936
0.063 0.0104583
0.064 0.010623
0.065 0.0107876
0.066 0.0109521
0.067 0.0111165
0.068 0.0112809
0.069 0.0114452
0.07 0.0116095
0.071 0.0117737
0.072 0.0119378
0.073 0.0121018
0.074 0.0122658
0.075 0.0124297
0.076 0.0125935
0.077 0.0127572
0.078 0.0129209
0.079 0.0130845
0.08 0.013248
0.081 0.0134114
0.082 0.0135748
0.083 0.013738
0.084 0.0139012
0.085 0.0140643
0.086 0.0142273
0.087 0.0143902
0.088 0.0145531
0.089 0.0147158
0.09 0.0148785
0.091 0.0150411
0.092 0.0152036
0.093 0.0153659
0.094 0.0155282
0.095 0.0156904
0.096 0.0158525
0.097 0.0160146
0.098 0.0161765
0.099 0.0163383
0.1 0.0165
0.101 0.0166616
0.102 0.0168231
0.103 0.0169845
0.104 0.0171459
0.105 0.0173071
0.106 0.0174682
0.107 0.0176292
0.108 0.01779
0.109 0.0179508
0.11 0.0181115
0.111 0.0182721
0.112 0.0184325
0.113 0.0185929
0.114 0.0187531
0.115 0.0189132
0.116 0.0190732
0.117 0.0192331
0.118 0.0193928
0.119 0.0195525
0.12 0.019712
0.121 0.0198714
0.122 0.0200307
0.123 0.0201899
0.124 0.0203489
0.125 0.0205078
0.126 0.0206666
0.127 0.0208253
0.128 0.0209838
0.129 0.0211422
0.13 0.0213005
0.131 0.0214587
0.132 0.0216167
0.133 0.0217746
0.134 0.0219323
0.135 0.0220899
0.136 0.0222474
0.137 0.0224048
0.138 0.022562
0.139 0.0227191
0.14 0.022876
0.141 0.0230328
0.142 0.0231895
0.143 0.023346
0.144 0.0235023
0.145 0.0236586
0.146 0.0238146
0.147 0.0239706
0.148 0.0241264
0.149 0.024282
0.15 0.0244375
0.151 0.0245928
0.152 0.024748
0.153 0.0249031
0.154 0.025058
0.155 0.0252127
0.156 0.0253673
0.157 0.0255217
0.158 0.0256759
0.159 0.0258301
0.16 0.025984
0.161 0.0261378
0.162 0.0262914
0.163 0.0264449
0.164 0.0265982
0.165 0.0267513
0.166 0.0269043
0.167 0.0270571
0.168 0.0272097
0.169 0.0273622
0.17 0.0275145
0.171 0.0276666
0.172 0.0278186
0.173 0.0279704
0.174 0.028122
0.175 0.0282734
0.176 0.0284247
0.177 0.0285758
0.178 0.0287267
0.179 0.0288774
0.18 0.029028
0.181 0.0291784
0.182 0.0293286
0.183 0.0294786
0.184 0.0296284
0.185 0.0297781
0.186 0.0299275
0.187 0.0300768
0.188 0.0302259
0.189 0.0303748
0.19 0.0305235
0.191 0.030672
0.192 0.0308204
0.193 0.0309685
0.194 0.0311164
0.195 0.0312642
0.196 0.0314117
0.197 0.0315591
0.198 0.0317063
0.199 0.0318532
0.2 0.032
0.201 0.0321466
0.202 0.0322929
0.203 0.0324391
0.204 0.0325851
0.205 0.0327308
0.206 0.0328764
0.207 0.0330217
0.208 0.0331668
0.209 0.0333118
0.21 0.0334565
0.211 0.033601
0.212 0.0337453
0.213 0.0338894
0.214 0.0340333
0.215 0.0341769
0.216 0.0343204
0.217 0.0344636
0.218 0.0346066
0.219 0.0347494
0.22 0.034892
0.221 0.0350344
0.222 0.0351765
0.223 0.0353184
0.224 0.0354601
0.225 0.0356016
0.226 0.0357428
0.227 0.0358838
0.228 0.0360246
0.229 0.0361652
0.23 0.0363055
0.231 0.0364456
0.232 0.0365855
0.233 0.0367251
0.234 0.0368645
0.235 0.0370037
0.236 0.0371426
0.237 0.0372813
0.238 0.0374198
0.239 0.037558
0.24 0.037696
0.241 0.0378337
0.242 0.0379713
0.243 0.0381085
0.244 0.0382455
0.245 0.0383823
0.246 0.0385188
0.247 0.0386551
0.248 0.0387912
0.249 0.038927
0.25 0.0390625
0.251 0.0391978
0.252 0.0393328
0.253 0.0394676
0.254 0.0396022
0.255 0.0397364
0.256 0.0398705
0.257 0.0400042
0.258 0.0401377
0.259 0.040271
0.26 0.040404
0.261 0.0405367
0.262 0.0406692
0.263 0.0408014
0.264 0.0409334
0.265 0.0410651
0.266 0.0411965
0.267 0.0413276
0.268 0.0414585
0.269 0.0415891
0.27 0.0417195
0.271 0.0418496
0.272 0.0419794
0.273 0.0421089
0.274 0.0422382
0.275 0.0423672
0.276 0.0424959
0.277 0.0426243
0.278 0.0427525
0.279 0.0428804
0.28 0.043008
0.281 0.0431353
0.282 0.0432624
0.283 0.0433891
0.284 0.0435156
0.285 0.0436418
0.286 0.0437677
0.287 0.0438933
0.288 0.0440187
0.289 0.0441437
0.29 0.0442685
0.291 0.044393
0.292 0.0445172
0.293 0.044641
0.294 0.0447646
0.295 0.0448879
0.296 0.0450109
0.297 0.0451337
0.298 0.0452561
0.299 0.0453782
0.3 0.0455
0.301 0.0456215
0.302 0.0457427
0.303 0.0458636
0.304 0.0459843
0.305 0.0461046
0.306 0.0462246
0.307 0.0463443
0.308 0.0464636
0.309 0.0465827
0.31 0.0467015
0.311 0.04682
0.312 0.0469381
0.313 0.047056
0.314 0.0471735
0.315 0.0472907
0.316 0.0474076
0.317 0.0475242
0.318 0.0476404
0.319 0.0477564
0.32 0.047872
0.321 0.0479873
0.322 0.0481023
0.323 0.048217
0.324 0.0483313
0.325 0.0484453
0.326 0.048559
0.327 0.0486724
0.328 0.0487854
0.329 0.0488981
0.33 0.0490105
0.331 0.0491226
0.332 0.0492343
0.333 0.0493457
0.334 0.0494567
0.335 0.0495674
0.336 0.0496778
0.337 0.0497879
0.338 0.0498976
0.339 0.050007
0.34 0.050116
0.341 0.0502247
0.342 0.0503331
0.343 0.0504411
0.344 0.0505487
0.345 0.0506561
0.346 0.050763
0.347 0.0508697
0.348 0.050976
0.349 0.0510819
0.35 0.0511875
0.351 0.0512927
0.352 0.0513976
0.353 0.0515022
0.354 0.0516064
0.355 0.0517102
0.356 0.0518137
0.357 0.0519168
0.358 0.0520195
0.359 0.052122
0.36 0.052224
0.361 0.0523257
0.362 0.052427
0.363 0.052528
0.364 0.0526286
0.365 0.0527288
0.366 0.0528287
0.367 0.0529282
0.368 0.0530273
0.369 0.0531261
0.37 0.0532245
0.371 0.0533225
0.372 0.0534202
0.373 0.0535175
0.374 0.0536144
0.375 0.0537109
0.376 0.0538071
0.377 0.0539029
0.378 0.0539983
0.379 0.0540933
0.38 0.054188
0.381 0.0542823
0.382 0.0543762
0.383 0.0544697
0.384 0.0545628
0.385 0.0546556
0.386 0.0547479
0.387 0.0548399
0.388 0.0549315
0.389 0.0550227
0.39 0.0551135
0.391 0.0552039
0.392 0.055294
0.393 0.0553836
0.394 0.0554728
0.395 0.0555617
0.396 0.0556501
0.397 0.0557382
0.398 0.0558259
0.399 0.0559131
0.4 0.056
0.401 0.0560865
0.402 0.0561725
0.403 0.0562582
0.404 0.0563435
0.405 0.0564283
0.406 0.0565128
0.407 0.0565968
0.408 0.0566804
0.409 0.0567637
0.41 0.0568465
0.411 0.0569289
0.412 0.0570109
0.413 0.0570925
0.414 0.0571737
0.415 0.0572544
0.416 0.0573348
0.417 0.0574147
0.418 0.0574942
0.419 0.0575733
0.42 0.057652
0.421 0.0577303
0.422 0.0578081
0.423 0.0578855
0.424 0.0579625
0.425 0.0580391
0.426 0.0581152
0.427 0.0581909
0.428 0.0582662
0.429 0.0583411
0.43 0.0584155
0.431 0.0584895
0.432 0.0585631
0.433 0.0586362
0.434 0.0587089
0.435 0.0587812
0.436 0.058853
0.437 0.0589244
0.438 0.0589954
0.439 0.0590659
0.44 0.059136
0.441 0.0592056
0.442 0.0592749
0.443 0.0593436
0.444 0.0594119
0.445 0.0594798
0.446 0.0595472
0.447 0.0596142
0.448 0.0596808
0.449 0.0597469
0.45 0.0598125
0.451 0.0598777
0.452 0.0599424
0.453 0.0600067
0.454 0.0600706
0.455 0.0601339
0.456 0.0601969
0.457 0.0602593
0.458 0.0603213
0.459 0.0603829
0.46 0.060444
0.461 0.0605046
0.462 0.0605648
0.463 0.0606245
0.464 0.0606838
0.465 0.0607426
0.466 0.0608009
0.467 0.0608587
0.468 0.0609161
0.469 0.060973
0.47 0.0610295
0.471 0.0610855
0.472 0.061141
0.473 0.061196
0.474 0.0612506
0.475 0.0613047
0.476 0.0613583
0.477 0.0614114
0.478 0.0614641
0.479 0.0615163
0.48 0.061568
0.481 0.0616192
0.482 0.06167
0.483 0.0617202
0.484 0.06177
0.485 0.0618193
0.486 0.0618681
0.487 0.0619164
0.488 0.0619643
0.489 0.0620116
0.49 0.0620585
0.491 0.0621049
0.492 0.0621508
0.493 0.0621961
0.494 0.062241
0.495 0.0622854
0.496 0.0623293
0.497 0.0623728
0.498 0.0624157
0.499 0.0624581
0.5 0.0625
0.501 0.0625414
0.502 0.0625823
0.503 0.0626227
0.504 0.0626627
0.505 0.0627021
0.506 0.062741
0.507 0.0627794
0.508 0.0628172
0.509 0.0628546
0.51 0.0628915
0.511 0.0629279
0.512 0.0629637
0.513 0.0629991
0.514 0.0630339
0.515 0.0630682
0.516 0.063102
0.517 0.0631353
0.518 0.063168
0.519 0.0632003
0.52 0.063232
0.521 0.0632632
0.522 0.0632939
0.523 0.0633241
0.524 0.0633537
0.525 0.0633828
0.526 0.0634114
0.527 0.0634395
0.528 0.063467
0.529 0.063494
0.53 0.0635205
0.531 0.0635465
0.532 0.0635719
0.533 0.0635968
0.534 0.0636211
0.535 0.0636449
0.536 0.0636682
0.537 0.063691
0.538 0.0637132
0.539 0.0637349
0.54 0.063756
0.541 0.0637766
0.542 0.0637967
0.543 0.0638162
0.544 0.0638351
0.545 0.0638536
0.546 0.0638714
0.547 0.0638888
0.548 0.0639056
0.549 0.0639218
0.55 0.0639375
0.551 0.0639526
0.552 0.0639672
0.553 0.0639813
0.554 0.0639948
0.555 0.0640077
0.556 0.0640201
0.557 0.0640319
0.558 0.0640431
0.559 0.0640539
0.56 0.064064
0.561 0.0640736
0.562 0.0640826
0.563 0.0640911
0.564 0.064099
0.565 0.0641063
0.566 0.0641131
0.567 0.0641193
0.568 0.0641249
0.569 0.06413
0.57 0.0641345
0.571 0.0641384
0.572 0.0641418
0.573 0.0641446
0.574 0.0641468
0.575 0.0641484
0.576 0.0641495
0.577 0.06415
0.578 0.0641499
0.579 0.0641492
0.58 0.064148
0.581 0.0641462
0.582 0.0641438
0.583 0.0641408
0.584 0.0641372
0.585 0.0641331
0.586 0.0641283
0.587 0.064123
0.588 0.0641171
0.589 0.0641106
0.59 0.0641035
0.591 0.0640958
0.592 0.0640876
0.593 0.0640787
0.594 0.0640692
0.595 0.0640592
0.596 0.0640485
0.597 0.0640373
0.598 0.0640255
0.599 0.064013
0.6 0.064
0.601 0.0639864
0.602 0.0639721
0.603 0.0639573
0.604 0.0639419
0.605 0.0639258
0.606 0.0639092
0.607 0.0638919
0.608 0.063874
0.609 0.0638556
0.61 0.0638365
0.611 0.0638168
0.612 0.0637965
0.613 0.0637756
0.614 0.0637541
0.615 0.0637319
0.616 0.0637092
0.617 0.0636858
0.618 0.0636618
0.619 0.0636372
0.62 0.063612
0.621 0.0635862
0.622 0.0635597
0.623 0.0635326
0.624 0.0635049
0.625 0.0634766
0.626 0.0634476
0.627 0.063418
0.628 0.0633878
0.629 0.063357
0.63 0.0633255
0.631 0.0632934
0.632 0.0632607
0.633 0.0632273
0.634 0.0631933
0.635 0.0631587
0.636 0.0631234
0.637 0.0630875
0.638 0.063051
0.639 0.0630138
0.64 0.062976
0.641 0.0629375
0.642 0.0628985
0.643 0.0628587
0.644 0.0628183
0.645 0.0627773
0.646 0.0627356
0.647 0.0626933
0.648 0.0626504
0.649 0.0626068
0.65 0.0625625
0.651 0.0625176
0.652 0.062472
0.653 0.0624258
0.654 0.062379
0.655 0.0623314
0.656 0.0622833
0.657 0.0622344
0.658 0.0621849
0.659 0.0621348
0.66 0.062084
0.661 0.0620325
0.662 0.0619804
0.663 0.0619276
0.664 0.0618742
0.665 0.0618201
0.666 0.0617653
0.667 0.0617098
0.668 0.0616537
0.669 0.0615969
0.67 0.0615395
0.671 0.0614814
0.672 0.0614226
0.673 0.0613631
0.674 0.061303
0.675 0.0612422
0.676 0.0611807
0.677 0.0611185
0.678 0.0610557
0.679 0.0609922
0.68 0.060928
0.681 0.0608631
0.682 0.0607976
0.683 0.0607313
0.684 0.0606644
0.685 0.0605968
0.686 0.0605285
0.687 0.0604595
0.688 0.0603899
0.689 0.0603195
0.69 0.0602485
0.691 0.0601768
0.692 0.0601044
0.693 0.0600312
0.694 0.0599574
0.695 0.0598829
0.696 0.0598077
0.697 0.0597319
0.698 0.0596553
0.699 0.059578
0.7 0.0595
0.701 0.0594213
0.702 0.0593419
0.703 0.0592618
0.704 0.0591811
0.705 0.0590996
0.706 0.0590174
0.707 0.0589345
0.708 0.0588508
0.709 0.0587665
0.71 0.0586815
0.711 0.0585958
0.712 0.0585093
0.713 0.0584222
0.714 0.0583343
0.715 0.0582457
0.716 0.0581564
0.717 0.0580664
0.718 0.0579756
0.719 0.0578842
0.72 0.057792
0.721 0.0576991
0.722 0.0576055
0.723 0.0575112
0.724 0.0574161
0.725 0.0573203
0.726 0.0572238
0.727 0.0571266
0.728 0.0570286
0.729 0.0569299
0.73 0.0568305
0.731 0.0567304
0.732 0.0566295
0.733 0.0565279
0.734 0.0564255
0.735 0.0563224
0.736 0.0562186
0.737 0.0561141
0.738 0.0560088
0.739 0.0559028
0.74 0.055796
0.741 0.0556885
0.742 0.0555803
0.743 0.0554713
0.744 0.0553615
0.745 0.0552511
0.746 0.0551398
0.747 0.0550279
0.748 0.0549152
0.749 0.0548017
0.75 0.0546875
0.751 0.0545725
0.752 0.0544568
0.753 0.0543404
0.754 0.0542232
0.755 0.0541052
0.756 0.0539865
0.757 0.053867
0.758 0.0537467
0.759 0.0536258
0.76 0.053504
0.761 0.0533815
0.762 0.0532582
0.763 0.0531342
0.764 0.0530094
0.765 0.0528838
0.766 0.0527575
0.767 0.0526304
0.768 0.0525025
0.769 0.0523739
0.77 0.0522445
0.771 0.0521143
0.772 0.0519834
0.773 0.0518517
0.774 0.0517192
0.775 0.0515859
0.776 0.0514519
0.777 0.0513171
0.778 0.0511815
0.779 0.0510451
0.78 0.050908
0.781 0.0507701
0.782 0.0506314
0.783 0.0504919
0.784 0.0503516
0.785 0.0502106
0.786 0.0500687
0.787 0.0499261
0.788 0.0497827
0.789 0.0496385
0.79 0.0494935
0.791 0.0493477
0.792 0.0492012
0.793 0.0490538
0.794 0.0489056
0.795 0.0487567
0.796 0.0486069
0.797 0.0484564
0.798 0.0483051
0.799 0.0481529
0.8 0.048
0.801 0.0478463
0.802 0.0476917
0.803 0.0475364
0.804 0.0473803
0.805 0.0472233
0.806 0.0470656
0.807 0.046907
0.808 0.0467476
0.809 0.0465875
0.81 0.0464265
0.811 0.0462647
0.812 0.0461021
0.813 0.0459387
0.814 0.0457745
0.815 0.0456094
0.816 0.0454436
0.817 0.0452769
0.818 0.0451094
0.819 0.0449411
0.82 0.044772
0.821 0.0446021
0.822 0.0444313
0.823 0.0442597
0.824 0.0440873
0.825 0.0439141
0.826 0.04374
0.827 0.0435651
0.828 0.0433894
0.829 0.0432129
0.83 0.0430355
0.831 0.0428573
0.832 0.0426783
0.833 0.0424984
0.834 0.0423177
0.835 0.0421362
0.836 0.0419538
0.837 0.0417706
0.838 0.0415866
0.839 0.0414017
0.84 0.041216
0.841 0.0410294
0.842 0.0408421
0.843 0.0406538
0.844 0.0404647
0.845 0.0402748
0.846 0.040084
0.847 0.0398924
0.848 0.0397
0.849 0.0395067
0.85 0.0393125
0.851 0.0391175
0.852 0.0389216
0.853 0.0387249
0.854 0.0385274
0.855 0.0383289
0.856 0.0381297
0.857 0.0379295
0.858 0.0377285
0.859 0.0375267
0.86 0.037324
0.861 0.0371204
0.862 0.036916
0.863 0.0367107
0.864 0.0365046
0.865 0.0362976
0.866 0.0360897
0.867 0.0358809
0.868 0.0356713
0.869 0.0354608
0.87 0.0352495
0.871 0.0350373
0.872 0.0348242
0.873 0.0346102
0.874 0.0343954
0.875 0.0341797
0.876 0.0339631
0.877 0.0337456
0.878 0.0335273
0.879 0.0333081
0.88 0.033088
0.881 0.032867
0.882 0.0326452
0.883 0.0324224
0.884 0.0321988
0.885 0.0319743
0.886 0.0317489
0.887 0.0315226
0.888 0.0312955
0.889 0.0310674
0.89 0.0308385
0.891 0.0306087
0.892 0.030378
0.893 0.0301463
0.894 0.0299138
0.895 0.0296804
0.896 0.0294461
0.897 0.029211
0.898 0.0289749
0.899 0.0287379
0.9 0.0285
0.901 0.0282612
0.902 0.0280215
0.903 0.0277809
0.904 0.0275395
0.905 0.0272971
0.906 0.0270538
0.907 0.0268096
0.908 0.0265644
0.909 0.0263184
0.91 0.0260715
0.911 0.0258237
0.912 0.0255749
0.913 0.0253253
0.914 0.0250747
0.915 0.0248232
0.916 0.0245708
0.917 0.0243175
0.918 0.0240632
0.919 0.0238081
0.92 0.023552
0.921 0.023295
0.922 0.0230371
0.923 0.0227783
0.924 0.0225185
0.925 0.0222578
0.926 0.0219962
0.927 0.0217337
0.928 0.0214702
0.929 0.0212058
0.93 0.0209405
0.931 0.0206743
0.932 0.0204071
0.933 0.020139
0.934 0.0198699
0.935 0.0195999
0.936 0.019329
0.937 0.0190572
0.938 0.0187844
0.939 0.0185107
0.94 0.018236
0.941 0.0179604
0.942 0.0176839
0.943 0.0174064
0.944 0.0171279
0.945 0.0168486
0.946 0.0165682
0.947 0.016287
0.948 0.0160048
0.949 0.0157216
0.95 0.0154375
0.951 0.0151524
0.952 0.0148664
0.953 0.0145795
0.954 0.0142916
0.955 0.0140027
0.956 0.0137129
0.957 0.0134221
0.958 0.0131303
0.959 0.0128377
0.96 0.012544
0.961 0.0122494
0.962 0.0119538
0.963 0.0116573
0.964 0.0113598
0.965 0.0110613
0.966 0.0107619
0.967 0.0104615
0.968 0.0101601
0.969 0.0098578
0.97 0.0095545
0.971 0.00925023
0.972 0.00894499
0.973 0.00863878
0.974 0.0083316
0.975 0.00802344
0.976 0.0077143
0.977 0.00740419
0.978 0.00709311
0.979 0.00678104
0.98 0.006468
0.981 0.00615398
0.982 0.00583897
0.983 0.00552299
0.984 0.00520602
0.985 0.00488806
0.986 0.00456912
0.987 0.0042492
0.988 0.00392829
0.989 0.00360639
0.99 0.0032835
0.991 0.00295962
0.992 0.00263475
0.993 0.00230889
0.994 0.00198204
0.995 0.00165419
0.996 0.00132534
0.997 0.000995504
0.998 0.000664668
0.999 0.000332833
1 0
